%YAML:1.0
---
type: IMU
name: cv7
Gyr:
   unit: " rad/s"
   avg-axis:
      gyr_n: 4.1906193409608730e-04
      gyr_w: 3.6483152660580454e-06
   x-axis:
      gyr_n: 4.5389720138294161e-04
      gyr_w: 1.8969454281178590e-06
   y-axis:
      gyr_n: 4.8174406641100407e-04
      gyr_w: 3.9000653989779836e-06
   z-axis:
      gyr_n: 3.2154453449431632e-04
      gyr_w: 5.1479349710782932e-06
Acc:
   unit: " m/s^2"
   avg-axis:
      acc_n: 2.8817163215164171e-03
      acc_w: 1.3151666310880268e-04
   x-axis:
      acc_n: 2.6676945840356037e-03
      acc_w: 1.1876063348464833e-04
   y-axis:
      acc_n: 2.7127222330537615e-03
      acc_w: 1.2893910926265213e-04
   z-axis:
      acc_n: 3.2647321474598861e-03
      acc_w: 1.4685024657910757e-04
